78
091764358
754983160
836125479
512397684
463218795
978456231
649571823
185632947
327849516
263
091764358
754983160
836125479
512397684
463218795
978456231
649571823
185632947
327849516
263
091764358
754983160
836125479
512397684
463218795
978456231
649571823
185632947
327849516
263
091764358
754983160
836125479
512397684
463218795
978456231
649571823
185632947
327849516
263
091764358
754983160
836125479
512397684
463218795
978456231
649571823
185632947
327849516
263
091764358
754983160
836125479
512397684
463218795
978456231
649571823
185632947
327849516
263
091764358
754983160
836125479
512397684
463218795
978456231
649571823
185632947
327849516
259
091764358
754983160
836125479
512397684
463218795
978456231
649571823
185632947
327849516
259
091764358
754983160
836125479
512397684
463218795
978456231
649571823
185632947
327849516
259
091764358
754983160
836125479
512397684
463218795
978456231
649571823
185632947
327849516
259
091764358
754983160
836125479
512397684
463218795
978456231
649571823
185632947
327849516
259
091764358
754983160
836125479
512397684
463218795
978456231
649571823
185632947
327849516
410
004000802
020104060
800605009
001906700
000004000
003408100
100702005
070503080
902000304
410
091764358
754983160
836125479
512397684
463218795
978456231
649571823
185632947
327849516
410
317305003
062100480
800040100
000376850
000904000
039520000
008090006
076002910
900800274
410
004002600
050360040
902100805
500434920
010204080
043070001
107003406
080095070
005700300
410
152368409
603194582
498052613
035846921
869213554
214509368
941620835
327485196
586931247
410
004000802
020104060
800605009
001906700
000004000
003408100
100702005
070503080
902000304
410
152368409
603194582
498052613
035846921
869213554
214509368
941620835
327485196
586931247
410
317305003
062100480
800040100
000376850
000904000
039520000
008090006
076002910
900800274
410
091764358
754983160
836125479
512397684
463218795
978456231
649571823
185632947
327849516
410
004002600
050360040
902100805
500434920
010204080
043070001
107003406
080095070
005700300
410
317305003
062100480
800040100
000376850
000904000
039520000
008090006
076002910
900800274
410
091764358
754983160
836125479
512397684
463218795
978456231
649571823
185632947
327849516
410
004002600
050360040
902100805
500434920
010204080
043070001
107003406
080095070
005700300
410
152368409
603194582
498052613
035846921
869213554
214509368
941620835
327485196
586931247
410
004000802
020104060
800605009
001906700
000004000
003408100
100702005
070503080
902000304
410
317305003
062100480
800040100
000376850
000904000
039520000
008090006
076002910
900800274
410
004000802
020104060
800605009
001906700
000004000
003408100
100702005
070503080
902000304
410
004002600
050360040
902100805
500434920
010204080
043070001
107003406
080095070
005700300
410
152368409
603194582
498052613
035846921
869213554
214509368
941620835
327485196
586931247
410
317305003
062100480
800040100
000376850
000904000
039520000
008090006
076002910
900800274
410
091764358
754983160
836125479
512397684
463218795
978456231
649571823
185632947
327849516
410
004000802
020104060
800605009
001906700
000004000
003408100
100702005
070503080
902000304
410
004002600
050360040
902100805
500434920
010204080
043070001
107003406
080095070
005700300
410
091764358
754983160
836125479
512397684
463218795
978456231
649571823
185632947
327849516
410
004000802
020104060
800605009
001906700
000004000
003408100
100702005
070503080
902000304
410
317305003
062100480
800040100
000376850
000904000
039520000
008090006
076002910
900800274
410
152368409
603194582
498052613
035846921
869213554
214509368
941620835
327485196
586931247
410
004002600
050360040
902100805
500434920
010204080
043070001
107003406
080095070
005700300
410
152368409
603194582
498052613
035846921
869213554
214509368
941620835
327485196
586931247
410
004000802
020104060
800605009
001906700
000004000
003408100
100702005
070503080
902000304
410
004002600
050360040
902100805
500434920
010204080
043070001
107003406
080095070
005700300
410
091764358
754983160
836125479
512397684
463218795
978456231
649571823
185632947
327849516
410
317305003
062100480
800040100
000376850
000904000
039520000
008090006
076002910
900800274
